0.0196078431372549
0.0196078431372549
0.021739130434782608
0.0196078431372549
0.0196078431372549
0.05
0.0196078431372549
0.0196078431372549
0.02702702702702703
0.0196078431372549
0.0196078431372549
0.0196078431372549
0.0196078431372549
0.038461538461538464
0.024390243902439025
0.0196078431372549
0.03333333333333333
0.0625
0.045454545454545456
0.0196078431372549
0.07692307692307693
0.041666666666666664
0.058823529411764705
0.5
0.0625
0.09090909090909091
0.08333333333333333
0.0196078431372549
0.0196078431372549
0.0196078431372549
0.0196078431372549
0.0196078431372549
0.0196078431372549
0.0196078431372549
0.03333333333333333
0.0196078431372549
0.0625
0.0196078431372549
0.0196078431372549
0.047619047619047616
0.058823529411764705
0.047619047619047616
0.0196078431372549
0.0196078431372549
0.0196078431372549
0.05
0.02564102564102564
0.0196078431372549
0.0196078431372549
0.0196078431372549
0.14285714285714285
0.0196078431372549
0.0196078431372549
0.037037037037037035
0.14285714285714285
0.07692307692307693
0.0196078431372549
0.0196078431372549
0.0196078431372549
0.0196078431372549
0.045454545454545456
0.5
0.0196078431372549
0.0196078431372549
0.0196078431372549
0.03225806451612903
0.0196078431372549
0.0196078431372549
0.0196078431372549
0.0196078431372549
0.041666666666666664
0.02
0.02702702702702703
0.1
0.07692307692307693
0.0196078431372549
0.0196078431372549
0.0196078431372549
0.0196078431372549
0.0196078431372549
0.0196078431372549
0.0196078431372549
0.0196078431372549
0.047619047619047616
0.0196078431372549
0.030303030303030304
0.0196078431372549
0.0196078431372549
0.0196078431372549
0.022727272727272728
0.0196078431372549
0.0196078431372549
0.0196078431372549
